<?xml version="1.0"?>
<opencv_storage>
<Y_DISTANCE_BETWEEN_GUN_AND_CAM>0.</Y_DISTANCE_BETWEEN_GUN_AND_CAM>
<CAMERA_MATRIX_1 type_id="opencv-matrix">
  <rows>3</rows>
  <cols>3</cols>
  <dt>d</dt>
  <data>
    7.157051780082647e+02 0. 3.146644912038163e+02 0.
    7.160063796280623e+02 2.538396114020887e+02 0. 0. 1.</data></CAMERA_MATRIX_1>
<CAMERA_MATRIX_2 type_id="opencv-matrix">
  <rows>3</rows>
  <cols>3</cols>
  <dt>d</dt>
  <data>
    7.337052706476940e+02 0. 3.947175493926392e+02 0.
    7.305634572456856e+02 2.217125550567017e+02 0. 0. 1.</data></CAMERA_MATRIX_2>
<DISTORTION_COEFF_1 type_id="opencv-matrix">
  <rows>4</rows>
  <cols>1</cols>
  <dt>d</dt>
  <data>
    -0.458362169604605 -0.013886323687170
    0.730286827055722 0.876160068750104</data></DISTORTION_COEFF_1>
<DISTORTION_COEFF_2 type_id="opencv-matrix">
<rows>4</rows>
<cols>1</cols>
<dt>d</dt>
<data>
  -0.476617790318080 -0.401446582841989
  0.009618502639400 -0.018029453079566</data></DISTORTION_COEFF_2>
</opencv_storage>