<?xml version="1.0"?>
<opencv_storage>
<Y_DISTANCE_BETWEEN_GUN_AND_CAM>0.</Y_DISTANCE_BETWEEN_GUN_AND_CAM><X_DISTANCE_BETWEEN_GUN_AND_CAM>0.</X_DISTANCE_BETWEEN_GUN_AND_CAM>
<CAMERA_MATRIX_1 type_id="opencv-matrix">
  <rows>3</rows>
  <cols>3</cols>
  <dt>d</dt>
  <data>
    1339.200192761519 0. 352.2622420769947 0.
    1341.635298629443 260.0031117659696 0. 0. 1.</data></CAMERA_MATRIX_1>
<CAMERA_MATRIX_2 type_id="opencv-matrix">
  <rows>3</rows>
  <cols>3</cols>
  <dt>d</dt>
  <data>
    7.129215287852671e+02 0. 3.078615217208748e+02 0.
    7.146431520641138e+02 2.568790022083954e+02 0. 0. 1.</data></CAMERA_MATRIX_2>
<DISTORTION_COEFF_1 type_id="opencv-matrix">
  <rows>4</rows>
  <cols>1</cols>
  <dt>d</dt>
  <data>
    -0.508305536807045 0.6977108716671515
    0.001758059385865405 -0.03457650463752789</data></DISTORTION_COEFF_1>
<DISTORTION_COEFF_2 type_id="opencv-matrix">
<rows>4</rows>
<cols>1</cols>
<dt>d</dt>
<data>
  -0.447569535375274 -0.000446903384808
  0.000278897924377 0.001563208302172</data></DISTORTION_COEFF_2>
</opencv_storage>