<?xml version="1.0"?>
<opencv_storage>
<Y_DISTANCE_BETWEEN_GUN_AND_CAM>0.</Y_DISTANCE_BETWEEN_GUN_AND_CAM>
<CAMERA_MATRIX_1 type_id="opencv-matrix">
  <rows>3</rows>
  <cols>3</cols>
  <dt>d</dt>
  <data>
    7.157051780082647e+02 0. 3.146644912038163e+02 0.
    7.160063796280623e+02 2.538396114020887e+02 0. 0. 1.</data></CAMERA_MATRIX_1>
<CAMERA_MATRIX_2 type_id="opencv-matrix">
  <rows>3</rows>
  <cols>3</cols>
  <dt>d</dt>
  <data>
    1.0382847225196090e+03 0. 9.3531703201491598e+02 0.
    1.0362297674685799e+03 5.2381184997923003e+02 0. 0. 1.</data></CAMERA_MATRIX_2>
<DISTORTION_COEFF_1 type_id="opencv-matrix">
  <rows>4</rows>
  <cols>1</cols>
  <dt>d</dt>
  <data>
    -0.458362169604605 -0.013886323687170
    0.730286827055722 0.876160068750104</data></DISTORTION_COEFF_1>
</opencv_storage>
